a0: -0.08571428571428502
a1: -5.000000000000001
a2: 0.8571428571428557
